tempo 4000
note 0 24 1 67 100
note 0 24 1 74 100
note 0 24 1 70 100
note 0 24 1 55 64
note 24 48 1 67 100
note 24 48 1 74 100
note 24 48 1 70 64
note 72 96 1 67 64
note 72 96 1 67 64
note 72 96 1 74 64
note 72 96 1 70 100
note 72 96 1 55 100
note 96 120 1 67 64
note 96 120 1 74 100
note 96 120 1 70 100
note 96 120 1 55 64
note 144 192 1 67 64
note 144 192 1 70 64
note 144 192 1 74 100
note 144 192 1 55 100
note 192 288 1 77 100
note 192 288 1 73 100
note 192 288 1 51 64
note 288 384 1 75 100
note 288 384 1 71 100
note 288 384 1 50 64
note 384 408 1 67 100
note 384 408 1 70 100
note 384 408 1 74 64
note 384 408 1 55 64
note 408 432 1 67 64
note 408 432 1 74 64
note 408 432 1 70 64
note 408 432 1 55 100
note 456 480 1 67 100
note 456 480 1 74 100
note 456 480 1 70 64
note 456 480 1 55 64
note 480 504 1 67 64
note 480 504 1 74 100
note 480 504 1 70 64
note 480 504 1 55 64
note 528 552 1 67 100
note 528 552 1 74 64
note 528 552 1 70 100
note 528 552 1 55 64
note 624 768 1 69 100
note 624 768 1 75 64
note 624 768 1 50 100
note 624 768 1 38 64
note 768 816 1 70 100
note 768 816 1 82 64
note 768 816 1 58 100
note 768 816 1 46 64
note 816 864 1 43 64
note 816 864 1 55 64
note 912 960 1 55 64
note 912 960 1 43 64
note 960 1008 1 53 100
note 960 1008 1 41 64
note 1008 1056 1 55 100
note 1008 1056 1 43 64
note 1104 1152 1 55 100
note 1104 1152 1 43 64
note 1152 1200 1 62 100
note 1152 1200 1 58 64
note 1152 1200 1 46 100
note 1200 1248 1 55 64
note 1200 1248 1 43 100
note 1224 1296 1 67 100
note 1248 1296 1 49 64
note 1248 1296 1 61 100
note 1296 1344 1 70 64
note 1296 1344 1 48 64
note 1296 1344 1 60 100
note 1344 1488 1 69 100
note 1392 1440 1 46 64
note 1392 1440 1 58 100
note 1440 1488 1 41 64
note 1440 1488 1 53 100
note 1488 1536 1 54 100
note 1488 1536 1 42 64
note 1536 1584 1 65 100
note 1536 1584 1 55 64
note 1536 1584 1 43 100
note 1584 1632 1 65 100
note 1584 1632 1 45 64
note 1584 1632 1 57 100
note 1632 1656 1 65 100
note 1632 1656 1 46 64
note 1632 1656 1 58 100
note 1656 1680 1 64 100
note 1680 1704 1 62 100
note 1680 1704 1 43 64
note 1680 1704 1 55 100
note 1728 1776 1 65 100
note 1728 1776 1 55 64
note 1776 1824 1 65 64
note 1776 1824 1 43 64
note 1776 1824 1 55 100
note 1824 1848 1 65 100
note 1824 1848 1 53 64
note 1824 1848 1 41 100
note 1848 1872 1 64 100
note 1872 1896 1 62 100
note 1872 1896 1 54 100
note 1872 1896 1 42 100
note 1920 1968 1 70 64
note 1920 1968 1 82 64
note 1920 1968 1 46 100
note 1920 1968 1 58 64
note 1968 2016 1 67 100
note 1968 2016 1 79 100
note 1968 2016 1 55 64
note 1968 2016 1 43 64
note 2112 2160 1 38 64
note 2112 2160 1 50 64
note 2160 2208 1 38 100
note 2160 2208 1 50 64
note 2304 2352 1 58 100
note 2304 2352 1 43 100
note 2352 2400 1 55 64
note 2352 2400 1 31 64
note 2400 2448 1 43 100
note 2448 2496 1 50 64
note 2448 2496 1 31 64
note 2496 2544 1 53 100
note 2496 2544 1 38 64
note 2544 2592 1 55 64
note 2544 2592 1 43 100
note 2592 2616 1 58 64
note 2592 2616 1 31 64
note 2616 2640 1 38 64
note 2640 2664 1 57 64
note 2640 2664 1 43 64
note 2664 2688 1 31 64
note 2688 2736 1 55 64
note 2688 2736 1 43 64
note 2784 2832 1 50 64
note 2784 2832 1 31 64
note 2832 2880 1 53 64
note 2832 2880 1 38 64
note 2880 2928 1 58 64
note 2880 2928 1 41 64
note 2928 2976 1 57 64
note 2928 2976 1 43 64
note 2976 3024 1 55 64
note 2976 3024 1 38 64
note 3024 3072 1 53 64
note 3024 3072 1 31 64
note 3072 3168 1 51 64
note 3072 3168 1 55 100
note 3072 3168 1 31 100
note 3168 3264 1 31 100
note 3264 3360 1 43 100
note 3360 3408 1 31 100
note 3408 3456 1 38 100
note 3456 3552 1 31 100
note 3552 3600 1 31 100
note 3600 3648 1 38 100
note 3648 3696 1 41 100
note 3696 3744 1 43 100
note 3744 3792 1 57 64
note 3744 3792 1 38 64
note 3792 3840 1 58 64
note 3792 3840 1 31 64
note 3840 3888 1 57 64
note 3840 3888 1 43 100
note 3888 3936 1 55 64
note 3888 3936 1 31 64
note 3936 3984 1 43 100
note 3984 4032 1 50 64
note 3984 4032 1 31 64
note 4032 4080 1 53 64
note 4032 4080 1 38 64
note 4080 4128 1 55 64
note 4080 4128 1 43 64
note 4128 4152 1 58 64
note 4128 4152 1 31 64
note 4152 4176 1 38 64
note 4176 4200 1 57 64
note 4176 4200 1 43 64
note 4200 4224 1 31 64
note 4224 4272 1 55 64
note 4224 4272 1 43 64
note 4320 4368 1 50 64
note 4320 4368 1 31 64
note 4368 4416 1 53 64
note 4368 4416 1 38 64
note 4416 4464 1 62 64
note 4416 4464 1 41 64
note 4464 4512 1 60 64
note 4464 4512 1 43 64
note 4512 4560 1 58 64
note 4512 4560 1 38 64
note 4560 4608 1 57 64
note 4560 4608 1 31 100
note 4608 4704 1 58 64
note 4608 4704 1 39 100
note 4704 4752 1 39 64
note 4752 4800 1 46 64
note 4800 4848 1 51 64
note 4848 4896 1 39 64
note 4896 4944 1 39 64
note 4944 4992 1 46 64
note 4992 5040 1 60 64
note 4992 5040 1 53 64
note 4992 5040 1 41 100
note 5040 5088 1 41 100
note 5088 5136 1 48 100
note 5136 5184 1 41 100
note 5136 5184 1 53 64
note 5184 5208 1 41 64
note 5208 5280 1 48 100
note 5208 5280 1 53 64
note 5280 5328 1 58 64
note 5280 5328 1 53 100
note 5280 5328 1 41 64
note 5328 5376 1 60 64
note 5376 5472 1 62 100
note 5376 5472 1 43 64
note 5376 5472 1 31 100
note 5472 5520 1 65 64
note 5472 5520 1 31 64
note 5520 5568 1 43 64
note 5568 5616 1 64 64
note 5568 5616 1 48 100
note 5616 5664 1 40 64
note 5640 5712 1 60 100
note 5664 5712 1 43 64
note 5712 5760 1 62 100
note 5712 5760 1 46 64
note 5760 5832 1 60 64
note 5760 5832 1 45 64
note 5832 5904 1 57 100
note 5832 5904 1 41 64
note 5904 5952 1 58 100
note 5904 5952 1 43 64
note 5952 6024 1 57 100
note 5952 6024 1 41 64
note 6024 6096 1 53 100
note 6024 6096 1 41 64
note 6096 6144 1 55 100
note 6096 6144 1 43 64
note 6144 6192 1 50 100
note 6144 6192 1 38 64
note 6192 6240 1 38 100
note 6240 6288 1 45 64
note 6288 6336 1 50 64
note 6336 6384 1 38 100
note 6384 6432 1 45 64
note 6432 6480 1 50 100
note 6480 6528 1 45 100
note 6528 6624 1 63 64
note 6528 6624 1 70 100
note 6528 6624 1 75 100
note 6528 6624 1 51 64
note 6528 6624 1 39 100
note 6624 6672 1 39 64
note 6672 6768 1 69 64
note 6672 6768 1 74 100
note 6672 6768 1 62 100
note 6672 6768 1 38 64
note 6672 6768 1 50 100
note 6768 6816 1 38 64
note 6816 6864 1 50 100
note 6864 6912 1 45 64
note 6912 6960 1 70 64
note 6912 6960 1 75 100
note 6912 6960 1 63 100
note 6912 6960 1 51 64
note 6912 6960 1 39 100
note 6960 7032 1 72 100
note 6960 7032 1 77 100
note 6960 7032 1 65 64
note 6960 7032 1 41 100
note 6960 7032 1 53 64
note 7056 7152 1 69 64
note 7056 7152 1 74 64
note 7056 7152 1 62 100
note 7056 7152 1 50 64
note 7056 7152 1 38 100
note 7152 7200 1 38 64
note 7200 7224 1 38 100
note 7224 7248 1 45 64
note 7248 7272 1 50 100
note 7272 7296 1 38 64
note 7296 7344 1 72 64
note 7296 7344 1 77 100
note 7296 7344 1 65 100
note 7296 7344 1 41 64
note 7296 7344 1 53 100
note 7344 7392 1 72 100
note 7344 7392 1 77 100
note 7344 7392 1 65 64
note 7344 7392 1 53 100
note 7344 7392 1 41 64
note 7392 7440 1 70 64
note 7392 7440 1 75 64
note 7392 7440 1 63 100
note 7392 7440 1 39 64
note 7392 7440 1 51 100
note 7440 7536 1 69 100
note 7440 7536 1 74 100
note 7440 7536 1 62 100
note 7440 7536 1 38 64
note 7440 7536 1 50 100
note 7536 7584 1 38 64
note 7584 7608 1 55 100
note 7584 7608 1 38 64
note 7608 7632 1 45 64
note 7632 7656 1 57 100
note 7632 7656 1 50 64
note 7656 7680 1 38 64
note 7680 7776 1 58 100
note 7680 7776 1 39 64
note 7776 7824 1 67 64
note 7776 7824 1 39 100
note 7824 7968 1 51 64
note 7824 7968 1 39 64
note 7872 7968 1 65 100
note 7968 8016 1 63 100
note 7968 8016 1 39 64
note 8016 8064 1 51 100
note 8064 8160 1 65 64
note 8064 8160 1 38 100
note 8160 8208 1 38 100
note 8208 8256 1 65 64
note 8208 8256 1 45 64
note 8256 8304 1 67 64
note 8256 8304 1 43 64
note 8304 8352 1 62 64
note 8352 8400 1 60 64
note 8352 8400 1 43 64
note 8352 8400 1 55 100
note 8400 8448 1 58 100
note 8400 8448 1 50 64
note 8448 8496 1 60 64
note 8448 8496 1 44 64
note 8496 8544 1 58 64
note 8544 8592 1 60 64
note 8544 8592 1 44 64
note 8592 8640 1 58 64
note 8592 8640 1 51 64
note 8640 8688 1 60 64
note 8640 8688 1 56 64
note 8640 8688 1 44 100
note 8736 8784 1 44 100
note 8760 8784 1 58 64
note 8784 8808 1 58 64
note 8784 8808 1 51 64
note 8808 8832 1 60 64
note 8832 8928 1 62 64
note 8832 8928 1 38 64
note 8928 8976 1 67 64
note 8928 8976 1 45 64
note 8976 9024 1 43 64
note 9024 9120 1 45 64
note 9120 9168 1 55 64
note 9120 9168 1 38 100
note 9168 9216 1 57 64
note 9216 9312 1 58 100
note 9216 9312 1 39 64
note 9312 9360 1 67 100
note 9312 9360 1 39 64
note 9360 9504 1 51 64
note 9360 9504 1 39 100
note 9408 9504 1 65 100
note 9504 9552 1 63 100
note 9504 9552 1 39 64
note 9552 9600 1 51 64
note 9600 9696 1 65 64
note 9600 9696 1 38 64
note 9696 9744 1 38 100
note 9744 9792 1 65 64
note 9744 9792 1 45 64
note 9792 9840 1 67 64
note 9792 9840 1 43 100
note 9840 9888 1 62 64
note 9888 9936 1 60 100
note 9888 9936 1 43 64
note 9888 9936 1 55 100
note 9936 9984 1 58 64
note 9936 9984 1 50 100
note 9984 10080 1 60 64
note 9984 10080 1 41 100
note 10080 10128 1 41 64
note 10080 10128 1 53 100
note 10128 10176 1 48 64
note 10176 10224 1 53 100
note 10224 10272 1 41 64
note 10272 10320 1 48 64
note 10320 10368 1 41 100
note 10368 10416 1 63 100
note 10368 10416 1 75 64
note 10368 10416 1 70 64
note 10368 10416 1 51 100
note 10368 10416 1 39 64
note 10416 10512 1 72 64
note 10416 10512 1 77 64
note 10416 10512 1 65 100
note 10416 10512 1 53 64
note 10416 10512 1 41 100
note 10560 10608 1 53 64
note 10608 10656 1 53 100
note 10656 10704 1 53 64
note 10704 10752 1 53 100
note 10752 10800 1 55 64
note 10752 10800 1 58 64
note 10752 10800 1 46 100
note 10800 10848 1 43 100
note 10800 10848 1 55 100
note 10848 10872 1 67 64
note 10872 10896 1 69 100
note 10896 10920 1 70 64
note 10896 10920 1 55 64
note 10896 10920 1 43 100
note 10944 10968 1 67 64
note 10944 10968 1 53 100
note 10944 10968 1 41 64
note 10968 10992 1 69 100
note 10992 11016 1 70 64
note 10992 11016 1 55 100
note 10992 11016 1 43 64
note 11088 11136 1 55 64
note 11088 11136 1 43 64
note 11136 11160 1 67 100
note 11136 11160 1 58 64
note 11136 11160 1 46 88
note 11160 11184 1 69 88
note 11184 11208 1 70 88
note 11184 11208 1 55 64
note 11184 11208 1 43 88
note 11232 11256 1 67 88
note 11232 11256 1 49 64
note 11232 11256 1 61 88
note 11256 11280 1 69 88
note 11280 11304 1 70 88
note 11280 11304 1 48 64
note 11280 11304 1 60 88
note 11376 11424 1 46 88
note 11376 11424 1 58 64
note 11424 11472 1 41 88
note 11424 11472 1 53 64
note 11472 11520 1 54 88
note 11472 11520 1 42 64
note 11520 11568 1 55 88
note 11520 11568 1 43 64
note 11568 11616 1 45 88
note 11568 11616 1 57 64
note 11616 11640 1 67 88
note 11616 11640 1 46 64
note 11616 11640 1 58 88
note 11640 11664 1 69 88
note 11664 11688 1 70 88
note 11664 11688 1 43 64
note 11664 11688 1 55 88
note 11712 11736 1 67 88
note 11736 11760 1 69 88
note 11760 11784 1 70 88
note 11760 11784 1 43 64
note 11760 11784 1 55 88
note 11808 11856 1 53 88
note 11808 11856 1 41 64
note 11856 11904 1 54 88
note 11856 11904 1 42 64
note 11904 11952 1 82 88
note 11904 11952 1 70 64
note 11904 11952 1 46 88
note 11904 11952 1 58 64
note 11952 12000 1 67 88
note 11952 12000 1 79 64
note 11952 12000 1 55 88
note 11952 12000 1 43 64
note 12000 12012 1 79 88
note 12012 12024 1 86 88
note 12024 12048 1 87 88
note 12048 12072 1 85 88
note 12072 12096 1 86 88
note 12096 12144 1 91 88
note 12240 12264 1 55 88
note 12264 12288 1 57 64
note 12288 12336 1 70 88
note 12288 12336 1 58 64
note 12288 12336 1 43 88
note 12336 12384 1 60 88
note 12336 12384 1 55 64
note 12384 12432 1 57 88
note 12384 12432 1 43 88
note 12432 12480 1 58 64
note 12432 12480 1 55 88
note 12480 12528 1 69 64
note 12480 12528 1 60 88
note 12480 12528 1 43 64






















































































































































































































































































































































































































































































































































































































































































































































































































































































































































































































































































































































































































































































































































































































































































































































































































































































































































































































































































































































































































































































































































































































































































































































































































































































































































































































































































































































































































































































































































































































































































































































































































































































































































































































































































































































































































































































































































































































































































































































































































































































































































































































































































































































































































































































































































































































































































































































































































































































































































































































































































































































































































































































































































































































































































































































































































































































































































































































































































































































































































































































































































































































































































































































































































































































































































































































































































































































































































































































































































































































































































































































































































































































































































































































































































































































































































































































































































































































































































































































































































































































































































































































































































































































































































































































































































































































































































































































































































































































































































































































































































































































































































































































































































































































































































































































































































































































































































































































































































































































































































































































































































































































































































































































































































































































































































































































































































































































































































































































































































































































































































































































































































































































































































































































































































































































































































































































